run_n,seed_train,seed_test,ndims,nsamples,correlation,nbijectors,bijector,activation,spline_knots,range_min,eps_regulariser,regulariser,ks_mean,ks_std,ad_mean,ad_std,wd_mean,wd_std,swd_mean,swd_std,fn_mean,fn_std,hidden_layers,batch_size,epochs_input,epochs_output,training_time,prediction_time,total_time,training_device
271,235536,235537,200,100000,,10,MAFN,relu,8,-5,0,,0.0007818071523752276,0.012901629254409812,0.0011255804477902926,0.002325780215016851,0.44106551776949526,0.8963579443323769,1.0465216091247909,0.5405482599283957,51.528743855868,0.5251532861434886,128-128-128,512,1000,248,1532.2796809420688,37.57532360497862,1768.6240414469503,NVIDIA A40
272,202106,202107,200,100000,,10,MAFN,relu,8,-5,0,,0.05296441649564481,0.126899666400345,0.038740697289837166,0.06853389136140929,0.09293475747227702,0.050318086826109824,0.0858809267224067,0.05496095456793965,3.737802029094452,0.6771482078923928,256-256-256,512,1000,453,2746.8862367800903,35.15542001801077,2991.2793292090064,NVIDIA A40
273,926,927,200,100000,,5,MAFN,relu,8,-5,0,,0.003402241268855248,0.025731119772725325,0.0032184304786584583,0.015934481601507795,0.16351611314491368,0.08502550102555231,0.15719558939483635,0.09815608209507105,7.016022840898221,0.6723027938014291,128-128-128,512,1000,631,2262.4333737830166,36.681263232952915,2427.4615675169043,NVIDIA A40
274,926,927,200,100000,,5,MAFN,relu,8,-5,0,,0.13425189660054843,0.2083213595605151,0.0936944136571806,0.0962793935115516,0.06127333323051188,0.03843907241113101,0.05978928233092598,0.03990586246665345,2.025781606998321,0.2762639259707366,256-256-256,512,1000,417,1507.5484001809964,33.0202363160206,1672.136182423099,NVIDIA A40
275,926,927,200,100000,,10,MAFN,relu,8,-5,0,,0.0002197281567849675,0.0024038428836131854,0.0014144022366041602,0.005456917329824383,0.27555254673473134,0.15533868580299126,0.267463955071065,0.16905885076777186,14.550377412000776,0.675852736452497,128-128-128,512,1000,759,4513.251670675934,36.66260199400131,4722.24293204397,NVIDIA A40
276,926,927,200,100000,,10,MAFN,relu,8,-5,0,,0.03932920300325653,0.12285176536292836,0.027857735576799367,0.06150979948652474,0.1124700057006842,0.06825215112069535,0.10953162389723302,0.07036702166484332,6.498641906043131,0.6981334507243856,256-256-256,512,1000,524,3139.2325852670474,37.04477291496005,3372.1545542179374,NVIDIA A40
277,933,934,200,100000,,5,MAFN,relu,8,-5,0,,0.00408386598623983,0.0289640995994509,0.0035173596336437463,0.018377496030947637,0.19298120229763033,0.10488720665829918,0.18405601492192636,0.11853137011327845,6.056753034428662,0.9822276509668603,128-128-128,512,1000,469,1590.737868814962,34.50148373702541,1780.5426459140144,NVIDIA A40
278,933,934,200,100000,,5,MAFN,relu,8,-5,0,,0.07008755307434282,0.15854521188609386,0.05155078005895288,0.07672392447951203,0.08226907056503072,0.04860382847548193,0.07733214249675513,0.051324870936064734,5.184868439835437,1.0935195157611137,256-256-256,512,1000,442,1722.3572846340248,46.82188356795814,1953.2691624140134,NVIDIA A40
279,933,934,200,100000,,10,MAFN,relu,8,-5,0,,0.14801908720673362,0.21302536110434844,0.09247575019589575,0.10084052703333363,0.06502401729575633,0.04173490640203049,0.06179483216623126,0.0412705217661983,5.076255634110515,1.1079477866613987,128-128-128,512,1000,575,3537.4947791149607,39.7535948890727,3756.301788182929,NVIDIA A40
280,933,934,200,100000,,10,MAFN,relu,8,-5,0,,0.00016015943142147414,0.0038661732414646444,0.001018887600627807,0.0006534179383026815,0.6038819585733614,0.3216122041218507,0.6849718799245427,0.32718614584318007,45.069097802211175,0.33781119275540844,256-256-256,512,1000,284,1785.852778753033,41.39855066605378,2032.9849599800073,NVIDIA A40
281,0,1,400,100000,,5,MAFN,relu,8,-5,0,,0.0320118763243947,0.11660315171984474,0.014327834555732454,0.046152728379852966,0.12856267602667704,0.07715598715210281,0.12293320423544037,0.08417649090835332,26.49699287961575,3.4360278847220593,128-128-128,512,1000,388,1522.1576173339272,77.6707648569718,1830.413437343901,NVIDIA A40
282,0,1,400,100000,,5,MAFN,relu,8,-5,0,,0.11885530170499982,0.19127147532631866,0.048739226074284686,0.07980029153328658,0.05598991956859072,0.02855803345598908,0.052617091727647204,0.027443334993966086,33.14644599431936,3.477540399835622,256-256-256,512,1000,211,804.4879586540628,71.25932654098142,1118.2241377799073,NVIDIA A40
283,0,1,400,100000,,10,MAFN,relu,8,-5,0,,0.00974311896755438,0.052528964170955476,0.0041183488376484775,0.02106500722814815,0.13580939671353157,0.08065479948988798,0.1428707222048184,0.07620432242820466,63.83022050473151,2.440215429756623,128-128-128,512,1000,106,714.1162671429338,85.09576463396661,1173.191220042063,NVIDIA A40
284,985772,985773,400,100000,,10,MAFN,relu,8,-5,0,,0.11988066219488419,0.18176978933352414,0.06094986484311821,0.09127604493652924,0.06530959298040187,0.037061351642429324,0.06370211778160617,0.03886282346223632,51.27485880810694,4.3995735395641224,256-256-256,512,1000,378,2513.3938574889908,82.18772478704341,3039.5911692159716,NVIDIA A40
285,187,188,400,100000,,5,MAFN,relu,8,-5,0,,0.1256806478692814,0.1924830925024499,0.06213453842205635,0.0937711664784321,0.06536119544387844,0.03636555765013434,0.06290647859554233,0.0379676137045048,57.1571824433726,1.8517934319697815,128-128-128,512,1000,509,1926.1770595560083,71.75113431701902,2278.4305704330327,NVIDIA A40
286,187,188,400,100000,,5,MAFN,relu,8,-5,0,,0.16820649077841116,0.22981864089296597,0.10453991241537372,0.10125618566437322,0.05411982906492574,0.03554339051297396,0.0536739922709974,0.04050959928920491,5.918099713106753,1.4308384071396882,256-256-256,512,1000,289,1105.0574357620208,80.24041583598591,1464.1268653060542,NVIDIA A40
287,187,188,400,100000,,10,MAFN,relu,8,-5,0,,0.015219673210178605,0.06509226820143021,0.0074754400523317525,0.02882242934963445,0.134615953924596,0.07405486207953316,0.13076361014239649,0.08624912693083345,46.16270555501245,1.8726724569646531,128-128-128,512,1000,474,2930.1794872200117,82.2896876570303,3342.2215728689916,NVIDIA A40
288,511595,511596,400,100000,,10,MAFN,relu,8,-5,0,,0.15840749723794637,0.20030739692063118,0.07789912957497006,0.09574502704896835,0.059620134001625955,0.03521734710334727,0.05728934759356263,0.03676835852994321,40.470951175453074,3.1520609682404945,256-256-256,512,1000,319,2061.597289765952,87.68331214005593,2573.232456231024,NVIDIA A40
289,377,378,400,100000,,5,MAFN,relu,8,-5,0,,0.15644669230768443,0.20352672151005075,0.07178287549798525,0.09563131706423372,0.05981309952745299,0.03573207081494504,0.05834617739441168,0.034651325187153,47.06748948344414,2.431848515023228,128-128-128,512,1000,451,1686.5213736960432,81.29706501192413,2016.7060432350263,NVIDIA A40
290,377,378,400,100000,,5,MAFN,relu,8,-5,0,,0.22943802773919966,0.2593695348526199,0.12175999264587685,0.10560656756756312,0.03723803042662303,0.01894037143697431,0.03561087054362963,0.0187776009442061,8.10747695196284,2.116873264897486,256-256-256,512,1000,262,998.5605562599376,80.58464682602789,1349.373041852028,NVIDIA A40
291,377,378,400,100000,,10,MAFN,relu,8,-5,0,,0.4581028510344222,0.28413044515483193,0.20372528238222992,0.07606120635265322,0.031588599742290585,0.018769533686946206,0.03141183370978583,0.018041451875289626,13.087343744102842,2.1381953882366296,128-128-128,512,1000,561,3490.521782757947,72.54804265499115,3890.1651185230585,NVIDIA A40
292,456147,456148,400,100000,,10,MAFN,relu,8,-5,0,,0.10637335201075647,0.1663937884827759,0.05789889247646266,0.08610124897337025,0.06760968082725259,0.037088318452527434,0.06531841969654227,0.03999325887229042,40.73711612388601,2.5801425796902513,256-256-256,512,1000,367,2319.371458588983,80.95931034104433,2817.6445600499865,NVIDIA A40
293,440,441,400,100000,,5,MAFN,relu,8,-5,0,,0.09156551336912659,0.1584586150101826,0.04987082967165135,0.0837536388137148,0.08066201673496587,0.048941697223662914,0.08021504881615289,0.05224037746572063,55.84212695460101,2.8450526610889786,128-128-128,512,1000,583,2125.9295403000433,64.52744564902969,2394.4506669460097,NVIDIA A40
294,440,441,400,100000,,5,MAFN,relu,8,-5,0,,0.08830076836870338,0.16405301460330274,0.049203689601595046,0.07717010306990431,0.08524814040862541,0.05383162130288652,0.08362258765992843,0.05476019449324587,28.992965604123846,2.885269428508924,256-256-256,512,1000,415,1498.0635130789597,66.45221792696975,1807.731500048074,NVIDIA A40
295,440,441,400,100000,,10,MAFN,relu,8,-5,0,,0.28935625749000593,0.28112079317533295,0.14543198233241833,0.10147180546939609,0.038083845427693754,0.02519434269862811,0.03796024244810279,0.025930393912232487,9.550672839348822,2.4852809891168883,128-128-128,512,1000,398,2505.5609856579686,68.99422802403569,2879.800241008983,NVIDIA A40
296,978294,978295,400,100000,,10,MAFN,relu,8,-5,0,,0.2563491802860276,0.26551598327883863,0.11711924517695305,0.10346748720906442,0.040820794554666646,0.021524065042411847,0.039757644854696975,0.021702705150514246,20.062113838210056,3.501473916930064,256-256-256,512,1000,291,1726.9114848109894,70.6175894450862,2179.362225468969,NVIDIA A40
297,520,521,400,100000,,5,MAFN,relu,8,-5,0,,0.117931113108599,0.17455839832392717,0.06134700916593122,0.09184367797989988,0.06339334176253385,0.03710983179510911,0.06650093452879688,0.0373589422133823,52.915675585866175,2.598836369821783,128-128-128,512,1000,619,2224.1028814610327,73.37555764301214,2512.766264087986,NVIDIA A40
298,520,521,400,100000,,5,MAFN,relu,8,-5,0,,0.05167659008732917,0.11593009065854351,0.027445716657821338,0.05539777568685866,0.097410338247119,0.05511648257152539,0.0938309488911431,0.057521765960182235,35.63998103025828,2.6920416117688952,256-256-256,512,1000,330,1201.827010225039,68.30326233699452,1507.0642378199846,NVIDIA A40
299,520,521,400,100000,,10,MAFN,relu,8,-5,0,,0.042105956711880776,0.1452275010298163,0.024930125711123644,0.060542870256795916,0.10385351755780872,0.0679145364963806,0.10039502004505323,0.06959102334995333,9.974002664382878,1.8352796767327817,128-128-128,512,1000,306,1856.706644758,68.59188966697548,2221.843096606899,NVIDIA A40
300,520,521,400,100000,,10,MAFN,relu,8,-5,0,,0.3726431730379745,0.28445746936765887,0.1778207395858726,0.09089254040291875,0.03629723944208895,0.02163812419607743,0.03517156756191522,0.021433626789374636,10.317869152654323,2.5258020710136577,256-256-256,512,1000,429,2635.2795829300303,66.6093764010584,3056.3336841270793,NVIDIA A40
301,541,542,400,100000,,5,MAFN,relu,8,-5,0,,0.2617355021966997,0.25311420882335733,0.10653166018044852,0.10793872782891262,0.05019706690187853,0.028432701394001853,0.049261011326387605,0.030275298429733054,42.27274331131638,3.156923955644124,128-128-128,512,1000,700,2441.39118326304,67.82449910999276,2721.120497508091,NVIDIA A40
302,541,542,400,100000,,5,MAFN,relu,8,-5,0,,0.10649569824112748,0.16201060553381816,0.053663268567205005,0.0789914274462976,0.07051517356305118,0.03911862182822101,0.06825494825105403,0.04076981489020933,36.34355324424722,3.168665492061218,256-256-256,512,1000,340,1280.4689368249383,70.24915716599207,1591.9437937249895,NVIDIA A40
303,541,542,400,100000,,10,MAFN,relu,8,-5,0,,0.1710288594031874,0.21864432297822795,0.07224200109555104,0.09486985801663352,0.056849502974093656,0.03407565488678361,0.056730767672132455,0.03103500422272246,42.40700697762364,3.112345674209699,128-128-128,512,1000,370,2163.9204303210136,67.75102174899075,2541.178658659919,NVIDIA A40
304,541,542,400,100000,,10,MAFN,relu,8,-5,0,,0.040620787437452205,0.12724955480971256,0.018639053197227234,0.048826311872986,0.10886640155054807,0.06293923759959684,0.10694737522721583,0.06685553991024573,28.402928474960344,3.152524286796136,256-256-256,512,1000,336,2145.33966771001,67.07561701501254,2570.4873198670102,NVIDIA A40
305,721,722,400,100000,,5,MAFN,relu,8,-5,0,,0.17429806720928126,0.2047594866688633,0.08565451364207431,0.09991973006959168,0.05695707395639737,0.031424625211022246,0.05591348519623514,0.03373157470107001,43.0499930584877,2.2463205266873767,128-128-128,512,1000,374,1331.191980464966,69.8312021769816,1616.2455663119908,NVIDIA A40
306,721,722,400,100000,,5,MAFN,relu,8,-5,0,,0.21338229729565877,0.23770684764132907,0.08731383364286253,0.09910905799241806,0.05048506818115354,0.02739667271549113,0.04851698333233925,0.027911866606675488,34.629813142700996,2.2549024378802844,256-256-256,512,1000,301,1127.7465024590492,69.9509826899739,1443.271783636068,NVIDIA A40
307,721,722,400,100000,,10,MAFN,relu,8,-5,0,,0.05725875864035959,0.12370871229727888,0.03454132714244662,0.06947579707887361,0.0857122040284563,0.04700251475967488,0.08289574790651746,0.049754715874604304,56.25826948856186,2.2137029535391313,128-128-128,512,1000,446,2777.710358362994,60.70913614204619,3138.005460217013,NVIDIA A40
308,821433,821434,400,100000,,10,MAFN,relu,8,-5,0,,0.02722243361078972,0.08819466852538678,0.012522270632260996,0.03749321422980736,0.11754769173633718,0.0666982512181664,0.11236335571865791,0.06780975848087459,40.08533246013626,4.576386572830626,256-256-256,512,1000,318,2013.2548337979242,68.68304894398898,2456.810695135966,NVIDIA A40
309,869,870,400,100000,,5,MAFN,relu,8,-5,0,,0.2915917317589584,0.26533168131781204,0.14405727818925684,0.09935800924259885,0.04404087414223441,0.0244966839415469,0.04404171716664297,0.02386548334127529,18.709436742748135,3.0832109899131495,128-128-128,512,1000,504,1753.5459311250597,74.34021344396751,2058.9482743348926,NVIDIA A40
310,869,870,400,100000,,5,MAFN,relu,8,-5,0,,0.06304416965996579,0.13390805930929275,0.03218071291786177,0.06565568077261545,0.09274492618116821,0.05200867456668529,0.09115187423183176,0.05352583996645429,49.69622046827453,3.0852800340411193,256-256-256,512,1000,342,1280.2068394689122,75.28658502409235,1616.9780964120291,NVIDIA A40
311,869,870,400,100000,,10,MAFN,relu,8,-5,0,,0.155552767890644,0.20937870395215039,0.07980814110249035,0.09443405591846597,0.05574339236415217,0.03189758110802878,0.05606996224762041,0.03167069463141503,20.16843124006975,2.8647368832084923,128-128-128,512,1000,376,2400.7513144490076,75.40629049099516,2807.423139006947,NVIDIA A40
312,202106,202107,400,100000,,10,MAFN,relu,8,-5,0,,0.06433142543754161,0.13680295973707923,0.03548124794444044,0.0634393100463868,0.08995455145108056,0.05021889019097364,0.08504401062596723,0.05320125946240384,33.91576482418096,4.657346676632957,256-256-256,512,1000,278,1865.709386833012,72.03483731695451,2350.4615581849357,NVIDIA A40
313,926,927,400,100000,,5,MAFN,relu,8,-5,0,,0.16673508141483254,0.20730129026213676,0.0813870668221858,0.09839434976282392,0.06069925782725571,0.0364622225696868,0.05929972680145165,0.03589874869964305,44.52574659205288,3.1778905043588366,128-128-128,512,1000,522,1987.8742283579195,77.0644109119894,2323.2489930370357,NVIDIA A40
314,926,927,400,100000,,5,MAFN,relu,8,-5,0,,0.21961404638720347,0.24873329847333733,0.12508339818900324,0.10179980918181013,0.041555439764461057,0.02464916723228401,0.040716465556412486,0.024681334991380605,8.631184331391573,2.4979689528102074,256-256-256,512,1000,338,1297.5098009570502,73.0413215549197,1667.9849378090585,NVIDIA A40
315,926,927,400,100000,,10,MAFN,relu,8,-5,0,,0.060088640359310434,0.13305285997529795,0.030844687596280305,0.05876632026286561,0.09534966432987221,0.055091677489740254,0.09305965555234638,0.06159600018951761,29.622507110601397,3.1953490393676223,128-128-128,512,1000,445,2779.1448716350133,71.25748548004776,3176.3674186950084,NVIDIA A40
316,572491,572492,400,100000,,10,MAFN,relu,8,-5,0,,0.027560007228828197,0.08141482513230028,0.013488606642192145,0.04212198474284995,0.11660084156981587,0.06497518656435611,0.11256180291974482,0.0714058866298621,52.08773548698556,2.2264812890940364,256-256-256,512,1000,495,3192.005665392033,74.48221682594158,3709.820471745101,NVIDIA A40
317,933,934,400,100000,,5,MAFN,relu,8,-5,0,,0.11457897750864537,0.17938710464167718,0.06293745325046059,0.0907972246256578,0.06826994509442688,0.03797629359752901,0.0655457674952066,0.041287819261226676,52.022728458911956,3.4046904792659825,128-128-128,512,1000,590,2213.9260073659243,74.58276915794704,2530.656232191948,NVIDIA A40
318,933,934,400,100000,,5,MAFN,relu,8,-5,0,,0.16435089330623645,0.21401429083330867,0.0821006623513463,0.09358933740998558,0.054643926630716634,0.029109025320835154,0.05161511723092588,0.029597479194934828,24.239458657652765,3.374137195459075,256-256-256,512,1000,354,1256.9000505850418,65.32762904895935,1580.9382376760477,NVIDIA A40
319,933,934,400,100000,,10,MAFN,relu,8,-5,0,,0.19497457169130075,0.2376009729334624,0.10428505806168,0.10144747948145576,0.053120803759729884,0.03073240340731328,0.04999094872853975,0.03114759607553194,16.48071192117996,3.371753844707798,128-128-128,512,1000,598,3571.437467213953,63.33647076494526,3927.4776528350776,NVIDIA A40
320,933,934,400,100000,,10,MAFN,relu,8,-5,0,,0.10526878483487921,0.1698974045340717,0.05402000483892586,0.08026334472398229,0.07480018327897084,0.04267001739826672,0.07059002678877777,0.04399859028069668,37.0522834885508,3.4525926050853784,256-256-256,512,1000,353,2119.189087579027,62.84216095099691,2535.369214646984,NVIDIA A40
321,0,1,1000,100000,,5,MAFN,relu,8,-5,0,,0.06191877258174725,0.14427745097164013,0.04885882977007841,0.0799495795311931,0.08919218197862135,0.055884810407682096,0.0896240618583672,0.06183310805481823,20.826910439312368,1.2924552926403803,128-128-128,512,1000,570,2061.8481774500106,185.44415088696405,2818.5684416840086,NVIDIA A40
322,0,1,1000,100000,,5,MAFN,relu,8,-5,0,,0.06422643535584598,0.137493305793746,0.042381611322695065,0.07418915765685406,0.05775264543025601,0.028858774825196522,0.05766883765724816,0.028480037708122623,13.917624094034403,0.5022895506531935,256-256-256,512,1000,192,694.1474641939858,185.8180003729649,1583.3321015519323,NVIDIA A40
323,0,1,1000,100000,,10,MAFN,relu,8,-5,0,,0.0037239178674964776,0.036052900326089106,0.0026498464207476515,0.014575481428581933,0.17710738946739096,0.10004908414566768,0.17704192664853816,0.10439095610817488,44.383254708848156,2.1612665037763525,128-128-128,512,1000,114,668.8792967129266,190.15064195590094,1950.1763713489054,NVIDIA A40
324,0,1,1000,100000,,10,MAFN,relu,8,-5,0,,0.00015130094014650114,0.004763738442653236,0.001066379142132939,0.0029633654873802346,0.4145145789147081,0.23680164958130298,0.4040288957471545,0.2581070506935658,109.08247683230009,3.419429688918232,256-256-256,512,1000,185,1120.0411119250348,186.1760638129199,2605.2495716759004,NVIDIA A40
325,187,188,1000,100000,,5,MAFN,relu,8,-5,0,,0.0010722958131177593,0.022167431216991548,0.0017201113823435846,0.010875362105987281,0.4157023486060996,0.2633404837575034,0.41864664281375724,0.27734476107644424,63.470719979477636,2.584833304559788,128-128-128,512,1000,616,2212.9230771879666,189.8154753120616,2974.249737592996,NVIDIA A40
326,187,188,1000,100000,,5,MAFN,relu,8,-5,0,,0.019767872546249614,0.0809028164419483,0.02562820507093064,0.058635514223339694,0.13284272053790436,0.08137225366328263,0.13168738074232927,0.08563380621409357,31.010221243522057,4.015956580036785,256-256-256,512,1000,382,1395.031262842007,194.3235973189585,2295.7663938730257,NVIDIA A40
327,187,188,1000,100000,,10,MAFN,relu,8,-5,0,,7.50422429150833e-05,0.0023131656349025228,0.001043917324831901,0.0018468086045687994,0.4711456392663336,0.264857849592418,0.4662869047731235,0.28364061024076137,60.646517971517675,2.466018550935687,128-128-128,512,1000,166,1018.2441270119743,187.03437880403362,2306.6844395049848,NVIDIA A40
328,187,188,1000,100000,,10,MAFN,relu,8,-5,0,,0.0019299168765179464,0.030258557242337177,0.0017785010799795603,0.010852660579510679,0.24163538891098482,0.13073519462559605,0.242138259788653,0.15010172746330522,66.43656070748924,4.220355454852875,256-256-256,512,1000,578,3578.016370911966,188.29223072202876,5054.910171748954,NVIDIA A40
329,377,378,1000,100000,,5,MAFN,relu,8,-5,0,,0.08197186777492094,0.16569268821305178,0.06208950731899562,0.08624871670138501,0.07155300930938747,0.045004444741433794,0.07256312615049748,0.04570825893023161,20.135508698555668,2.6976917664666904,128-128-128,512,1000,414,1523.3171157910256,186.1686073410092,2285.7137723619817,NVIDIA A40
330,377,378,1000,100000,,5,MAFN,relu,8,-5,0,,0.012822433978231565,0.07742913631795134,0.008079732991235128,0.035353015095203714,0.16565305655687965,0.10546588808750013,0.16230734806942831,0.11695119591791485,46.485277793221854,4.0073266636296685,256-256-256,512,1000,433,1588.1945699240314,154.95885100902524,2438.350951891043,NVIDIA A40
331,377,378,1000,100000,,10,MAFN,relu,8,-5,0,,0.0007762409482896728,0.017164740788441168,0.0013963659336462954,0.007827111937201347,0.3600934216362722,0.19655014946115543,0.35316828367802955,0.22991334458591892,81.41934633861368,4.032026565251496,128-128-128,512,1000,668,3900.6266984670656,162.86394781491254,5164.262009250931,NVIDIA A40
332,377,378,1000,100000,,10,MAFN,relu,8,-5,0,,0.0008147192337147342,0.009965530582835546,0.0015140265933012908,0.006443936117497848,0.2696400195800897,0.14821216989745184,0.2678482327265586,0.15906723074917087,176.40259107997636,0.8899296233667455,256-256-256,512,1000,179,1085.696859844029,186.86550318298396,2548.943130971049,NVIDIA A40
333,440,441,1000,100000,,5,MAFN,relu,8,-5,0,,0.0012555322420069767,0.02273066982748975,0.0014716375205514787,0.00855095254101405,0.26391365583431886,0.14415199953592003,0.26202094337469195,0.15985288381345453,39.25821886142305,1.5927344404572943,128-128-128,512,1000,364,1301.197660633945,197.36684275697917,2068.1477275199722,NVIDIA A40
334,440,441,1000,100000,,5,MAFN,relu,8,-5,0,,0.0024912182063951105,0.03319408929972143,0.002367852062362853,0.014849948068894211,0.17954625990353124,0.09348195061018828,0.17630123815337181,0.10494513009584279,39.5134535673668,3.6985536029770025,256-256-256,512,1000,153,577.6607449740404,184.2729150140658,1466.1118352640187,NVIDIA A40
335,440,441,1000,100000,,10,MAFN,relu,8,-5,0,,5.397890810610929e-06,0.00017058342753501336,0.0010000000000000005,4.336808689942018e-19,0.5394273634680931,0.29766114496602897,0.5341714297780855,0.32997848351368647,108.72546328624203,2.656141803388627,128-128-128,512,1000,126,746.5432356599486,155.03952472796664,1980.6552758089965,NVIDIA A40
336,440,441,1000,100000,,10,MAFN,relu,8,-5,0,,0.0007576487142431354,0.01491862989239328,0.0014224512565018646,0.006995184747084845,0.25810713119555906,0.14318129640782695,0.25557769907882505,0.15778757647491903,49.04812402143958,2.692950676427726,256-256-256,512,1000,121,710.3132852900308,185.31537883693818,2163.6584874220425,NVIDIA A40
337,520,521,1000,100000,,5,MAFN,relu,8,-5,0,,0.0009688210979669062,0.021842418232975544,0.0014895141146618804,0.010114196588162278,0.44600674864563833,0.24128980384162677,0.43053981085528276,0.26804163508362855,91.31343842401256,1.9364635926689382,128-128-128,512,1000,125,456.23741774004884,191.01907468191348,1232.6170078279683,NVIDIA A40
338,520,521,1000,100000,,5,MAFN,relu,8,-5,0,,0.0007270961443301099,0.012175923135445925,0.001415218594377485,0.006126152807461967,0.3114517377906088,0.18009888414345965,0.2984549458847055,0.20050781478326912,53.145438778490984,2.13399640514687,256-256-256,512,1000,575,2130.209632687038,183.75831853493582,3013.042789804982,NVIDIA A40
339,520,521,1000,100000,,10,MAFN,relu,8,-5,0,,0.00039827962415161746,0.009407162532450823,0.0011366630120366128,0.004056019908143158,0.2767031658040125,0.14609873196488796,0.2682500743112988,0.15063464483412614,93.26660179850485,1.9543616589659203,128-128-128,512,1000,132,760.3456951980479,182.481851162971,2054.23795472004,NVIDIA A40
340,520,521,1000,100000,,10,MAFN,relu,8,-5,0,,0.005675055285945131,0.04260316131675112,0.005429943163885763,0.025836844212964092,0.17125473004617428,0.0991630970395156,0.16493264463424684,0.10897181759678298,45.75009923634407,2.6452228064391683,256-256-256,512,1000,410,2621.1165349779185,195.58198721392546,4147.345680903993,NVIDIA A40
341,541,542,1000,100000,,5,MAFN,relu,8,-5,0,,0.0007251312842070665,0.01726047756626502,0.0014219369088917728,0.009040015932763046,0.5498234399224547,0.32374077017996733,0.535243414036549,0.35531756121451685,161.70255357901377,2.683987421044686,128-128-128,512,1000,185,637.8972978199599,163.13562862598337,1524.3408126620343,NVIDIA A40
342,541,542,1000,100000,,5,MAFN,relu,8,-5,0,,0.010861659191237397,0.06595944957909962,0.008181572982211196,0.03317016531837303,0.13175603654093598,0.07267264407791608,0.12982710897820926,0.07481513709160476,25.131069691752607,1.4692146428656572,256-256-256,512,1000,459,1467.1214380889433,157.0477863670094,2461.103588572936,NVIDIA A40
343,541,542,1000,100000,,10,MAFN,relu,8,-5,0,,0.00013203262586149484,0.0033464906854408366,0.0010465503707338555,0.0011549555526788892,0.39022695754001946,0.2406749196757909,0.393694255354072,0.20761805272897493,217.17694208347893,0.9297639915617928,128-128-128,512,1000,107,570.8561518579954,188.80105663801078,2061.785657760105,NVIDIA A40
344,541,542,1000,100000,,10,MAFN,relu,8,-5,0,,7.394745189999814e-05,0.002041531627008108,0.0010238362688492612,0.0007449142302653682,0.43122745941535506,0.2360816745635783,0.4116492584396372,0.2510799003900906,54.984847865888376,1.9031770560970545,256-256-256,512,1000,537,2947.574401209946,158.61982500203885,4688.381505022058,NVIDIA A40
345,721,722,1000,100000,,5,MAFN,relu,8,-5,0,,0.0283680513126463,0.10664721525869014,0.029808579062116026,0.0658885005061467,0.11085015683096731,0.06665142527636317,0.10765327240085741,0.07371367185664346,31.035397829652073,2.7434775034882066,128-128-128,512,1000,511,1596.6793660050025,186.3614808829734,2536.6126609289786,NVIDIA A40
346,721,722,1000,100000,,5,MAFN,relu,8,-5,0,,0.139309287570375,0.20771090298288059,0.10078290152344943,0.0995091768626942,0.06256892495898148,0.04032816904596465,0.061211201803246504,0.040155211015435406,11.310920085624648,2.0092421267348755,256-256-256,512,1000,532,1718.8120621159906,154.87342302803881,2756.398753553978,NVIDIA A40
347,721,722,1000,100000,,10,MAFN,relu,8,-5,0,,0.00016828306349215595,0.0050085287167319185,0.0011337578927865962,0.00478676986309319,0.5781726535823051,0.38879369132647545,0.720308992855117,0.3551232618801377,251.12670456850606,1.2543938339536134,128-128-128,512,1000,371,1968.7057255139807,160.32752587099094,3505.0327335490147,NVIDIA A40
348,721,722,1000,100000,,10,MAFN,relu,8,-5,0,,0.01688403314335286,0.07227651075542411,0.01567332292031524,0.04413838373969594,0.10219142739646822,0.057254608555068365,0.10104955625075665,0.06368365111358472,29.212289053506545,2.2948448709941998,256-256-256,512,1000,241,1318.9127163579687,154.39526809600648,3103.3601663040463,NVIDIA A40
349,869,870,1000,100000,,5,MAFN,relu,8,-5,0,,0.005637522060099199,0.04820807474544761,0.008163830897099216,0.02938801944207731,0.19136814932223697,0.11425870264189292,0.18896236148162907,0.13119373415544094,63.86697636747842,2.4903159213214003,128-128-128,512,1000,433,1335.99075430003,196.63034241297282,2313.9271435890114,NVIDIA A40
350,869,870,1000,100000,,5,MAFN,relu,8,-5,0,,0.0031951195378335014,0.03363751457281906,0.0031323960965703793,0.017703836141149117,0.1484815882187822,0.07839183207091241,0.1445724681590005,0.08477526299741438,39.056623990064644,1.957354687153071,256-256-256,512,1000,51,162.4445574770216,188.89677585999016,1235.519217594061,NVIDIA A40
351,869,870,1000,100000,,10,MAFN,relu,8,-5,0,,0.0002787130423553638,0.005489474039568749,0.001097248696189265,0.0024710191291106515,0.4027740720015202,0.2240720757741738,0.3989782924820986,0.25826941323248437,166.80617443385592,2.0676980615820413,128-128-128,512,1000,116,636.9307944040047,190.61408731609117,2217.8396115450887,NVIDIA A40
352,869,870,1000,100000,,10,MAFN,relu,8,-5,0,,0.006275473595945868,0.05125064064914623,0.004351295506752608,0.024278275057307886,0.21053066695968345,0.13537942085520543,0.20137545957716296,0.13947221161655676,35.48445454434801,1.7974704994786288,256-256-256,512,1000,187,1021.1034003560198,192.35076158912852,2846.228920364054,NVIDIA A40
353,926,927,1000,100000,,5,MAFN,relu,8,-5,0,,0.03384450516909691,0.11775677785743992,0.027993890034737585,0.06573667992807808,0.10231840572595836,0.06214049800416002,0.1001146741859721,0.06548501415909791,27.446385932753806,2.7104106913582156,128-128-128,512,1000,555,1742.6574127080385,159.53646855708212,2649.0423122420907,NVIDIA A40
354,926,927,1000,100000,,5,MAFN,relu,8,-5,0,,0.00039226651020136006,0.00943667258682768,0.0011797958813077516,0.004034715007736454,0.34981056945021216,0.1936092108291564,0.33627493806020403,0.22130142095242944,48.747949683652145,2.7445429990227868,256-256-256,512,1000,548,1688.2988977259956,191.83532536798157,2791.328549929196,NVIDIA A40
355,926,927,1000,100000,,10,MAFN,relu,8,-5,0,,2.42265069802233e-06,0.00010361316164219294,0.0010000000000000005,4.336808689942018e-19,0.7042705494479317,0.38667718527863537,0.6948448773093167,0.41916668803339874,136.5460912985815,2.5662819781138166,128-128-128,512,1000,550,3178.759787486866,191.08270147512667,4528.383487669053,NVIDIA A40
356,638742,638743,1000,100000,,10,MAFN,relu,8,-5,0,,8.285827068383323e-06,0.00029234586972741016,0.0010036808829662308,0.00020901592039803107,0.5551744500961697,0.24332233782634397,0.5369601335398944,0.2777449448486428,187.30981155619511,0.3046087406608851,256-256-256,512,1000,121,752.2168320920318,187.54049799311906,2312.3015809110366,NVIDIA A40
357,933,934,1000,100000,,5,MAFN,relu,8,-5,0,,0.0001367295375201827,0.0030078535679126796,0.0010410085962219966,0.0010444639293237979,0.3629546651568716,0.17905917467285692,0.35875600134957053,0.194037652894304,68.52956542474308,2.5720342846209165,128-128-128,512,1000,114,433.95798480999656,155.98071896610782,1183.559768237872,NVIDIA A40
358,933,934,1000,100000,,5,MAFN,relu,8,-5,0,,0.2984007281059602,0.26392756039039117,0.15813627256580126,0.09874335674167208,0.041379731268989306,0.025194390856682097,0.041007195761408766,0.02471004905935685,10.195531027548775,2.0409823331540053,256-256-256,512,1000,513,1862.8074671120849,155.34663511416875,2721.0916083769407,NVIDIA A40
359,933,934,1000,100000,,10,MAFN,relu,8,-5,0,,0.0001130555490734143,0.0040306604015255725,0.0010591560984032924,0.0020025162156680175,0.7596854721541096,0.4782349501747559,0.7534791222924228,0.5052837419715659,298.29061458916874,4.733180819821772,128-128-128,512,1000,396,2340.8043532390147,187.99647202296183,3585.519665261032,NVIDIA A40
360,933,934,1000,100000,,10,MAFN,relu,8,-5,0,,7.980408517944542e-05,0.002030274885810031,0.0010261168763096803,0.0006112707514160835,0.3644887772623275,0.19337171737434844,0.3513182362987729,0.21679255032983327,74.45048855080826,4.335855533325521,256-256-256,512,1000,402,2506.2761952478904,190.79284617793746,4011.3170343830716,NVIDIA A40
