ndims,nbijectors,bijector,nsamples,spline_knots,range_min,eps_regulariser,kl_divergence,ks_test_mean,ks_test_median,ad_test_mean,ad_test_median,Wasserstein_median,Wasserstein_mean,frob_norm,hidden_layers,batch_size,time
16,5,MAFN,50000,8,-5,1e-10,-1,0.31705575503357003,0.3737797006421313,0.13051679977452652,0.13356652273309594,0.042722457101233735,0.042722457101233735,0.1310661000985647,128-128-128,512,73.275978869
16,5,MAFN,50000,8,-5,1e-10,-1,0.32800141231703767,0.3826715393422053,0.10306414604984782,0.12188777093995996,0.03855966620385647,0.03855966620385647,0.13356858223150342,128-128-128,512,73.275978869
16,5,MAFN,50000,8,-5,1e-10,-1,0.2985087700976146,0.34241553765542665,0.15121397546956894,0.13294401208150522,0.041454288704385986,0.041454288704385986,0.14443185208872397,512-512-512,512,365.903025855
16,5,MAFN,50000,8,-5,1e-10,-1,0.30254258448534954,0.3517566969723369,0.14992400140951834,0.1264068518680278,0.03857755706507712,0.03857755706507712,0.15056829702457014,512-512-512,512,365.903025855
16,5,MAFN,50000,8,-5,1e-10,-1,0.26262481226993256,0.28019307739847255,0.1227001710133453,0.1109871393091696,0.044295765845726365,0.044295765845726365,0.10505006693351768,128-128-128,254,90.09138441699997
16,5,MAFN,50000,8,-5,1e-10,-1,0.24979009079318235,0.26970818512585715,0.10248792311680455,0.10558834413710151,0.04569306457936763,0.04569306457936763,0.10143159967193513,128-128-128,254,90.09138441699997
16,5,MAFN,50000,8,-5,1e-10,-1,0.2572997877916657,0.24489524028861562,0.12492343601634018,0.11436945274190743,0.056268876952095884,0.056268876952095884,0.12070070056221965,512-512-512,254,349.23269087799986
16,5,MAFN,50000,8,-5,1e-10,-1,0.26009981257843157,0.2563790087232131,0.11003967298311965,0.10801471210892236,0.051446085897386064,0.051446085897386064,0.11590114415450642,512-512-512,254,349.23269087799986
16,5,MAFN,100000,8,-5,1e-10,-1,0.3205606213002896,0.36157925448049505,0.14520021097221988,0.13469931185976766,0.04092808096409075,0.04092808096409075,0.1358460799773869,128-128-128,512,140.8288612440001
16,5,MAFN,100000,8,-5,1e-10,-1,0.3121192233702252,0.34919339637787405,0.13941558768305495,0.1280729203958891,0.035938228529989714,0.035938228529989714,0.13097766659738694,128-128-128,512,140.8288612440001
16,5,MAFN,100000,8,-5,1e-10,-1,0.35188763127268474,0.3707760963792306,0.16860476281962977,0.15945867756475526,0.04364679185284768,0.04364679185284768,0.13735729320504017,512-512-512,512,635.1540677919998
16,5,MAFN,100000,8,-5,1e-10,-1,0.35079165398388396,0.3733731393648407,0.1685060920440029,0.15237304775595042,0.03983951227396727,0.03983951227396727,0.13956368417272771,512-512-512,512,635.1540677919998
16,5,MAFN,100000,8,-5,1e-10,-1,0.336739540182311,0.3738259302882366,0.17245526997866156,0.14885549250739638,0.04526100752062168,0.04526100752062168,0.10140259340240194,128-128-128,254,171.1503045520003
16,5,MAFN,100000,8,-5,1e-10,-1,0.34148666429031493,0.3604303799339671,0.16947459399910383,0.14282096811757503,0.03953492446590216,0.03953492446590216,0.1032925226358697,128-128-128,254,171.1503045520003
16,5,MAFN,100000,8,-5,1e-10,-1,0.302537597076199,0.3073824303885655,0.1576836480524838,0.14287174802819957,0.042630685494598,0.042630685494598,0.11850753438256557,512-512-512,254,713.8893917269997
16,5,MAFN,100000,8,-5,1e-10,-1,0.31600693419124265,0.3403301752952512,0.1632680699506252,0.1385234729418798,0.04015103441476822,0.04015103441476822,0.11772107403227398,512-512-512,254,713.8893917269997
16,5,MAFN,200000,8,-5,1e-10,-1,0.3427096668416988,0.3998132401560964,0.1697534265370855,0.15332782792577576,0.03406658322821139,0.03406658322821139,0.11407204461211502,128-128-128,512,132.05716667600063
16,5,MAFN,200000,8,-5,1e-10,-1,0.3396742041043194,0.414337616013678,0.16362344127238918,0.14682978768288646,0.03435695913732051,0.03435695913732051,0.11086927768746858,128-128-128,512,132.05716667600063
16,5,MAFN,200000,8,-5,1e-10,-1,0.4085130340607021,0.4147871816638278,0.19370863608890027,0.18696153535476404,0.02558453674616292,0.02558453674616292,0.11334203404978914,512-512-512,512,1309.9705071610006
16,5,MAFN,200000,8,-5,1e-10,-1,0.4116792713282285,0.4109459139235633,0.18630164428164775,0.18235713456323202,0.024510378585942093,0.024510378585942093,0.11632046722501091,512-512-512,512,1309.9705071610006
16,5,MAFN,200000,8,-5,1e-10,-1,0.3527730062077706,0.39093389484847635,0.1703520611258087,0.15601766610227227,0.03654694383999332,0.03654694383999332,0.10685539048974257,128-128-128,254,308.02130884300095
16,5,MAFN,200000,8,-5,1e-10,-1,0.3502505780904585,0.38006111527087677,0.17262615451599797,0.15806202173459233,0.03451328843224795,0.03451328843224795,0.10195859825391583,128-128-128,254,308.02130884300095
16,5,MAFN,200000,8,-5,1e-10,-1,0.3581710799885372,0.3753520069717965,0.17556422699187368,0.16377178517982305,0.03459810588365313,0.03459810588365313,0.10973128172900627,512-512-512,254,926.323283785001
16,5,MAFN,200000,8,-5,1e-10,-1,0.356295883410568,0.365201883157937,0.17866781647626456,0.16374451530805503,0.033460419567823405,0.033460419567823405,0.10252299313593481,512-512-512,254,926.323283785001
16,2,MAFN,50000,8,-5,1e-10,-1,0.2024074308140147,0.16559142171304725,0.08782595730502787,0.0866709912512551,0.050872811150364586,0.050872811150364586,0.1357625300984132,128-128-128,512,35.94018575799964
16,2,MAFN,50000,8,-5,1e-10,-1,0.197584496059653,0.16928943562087184,0.07055134992473293,0.07645900318290452,0.043465640214488246,0.043465640214488246,0.14154912004842382,128-128-128,512,35.94018575799964
16,2,MAFN,50000,8,-5,1e-10,-1,0.21023212204622854,0.2108531209643596,0.08668374712937801,0.09205365564859413,0.05998370145418749,0.05998370145418749,0.21376568567392798,512-512-512,512,141.5569289819996
16,2,MAFN,50000,8,-5,1e-10,-1,0.20699009156395531,0.19674697055415666,0.0746771749311761,0.08232743968289001,0.04640551309812815,0.04640551309812815,0.2258988444939393,512-512-512,512,141.5569289819996
16,2,MAFN,50000,8,-5,1e-10,-1,0.19214933774324114,0.17781192881538926,0.07438981449121085,0.08161350460512516,0.06015297388095407,0.06015297388095407,1.738312818567004,128-128-128,254,39.14253324499987
16,2,MAFN,50000,8,-5,1e-10,-1,0.19882597951411943,0.18630529733628173,0.061267049203876565,0.07560343450184144,,,0.1584881685175836,128-128-128,254,39.14253324499987
16,2,MAFN,50000,8,-5,1e-10,-1,0.19107989982900014,0.17537498917153505,0.06285798141019792,0.0794525855926427,0.06784138481531465,0.06784138481531465,0.46464009141745977,512-512-512,254,142.5672687840015
16,2,MAFN,50000,8,-5,1e-10,-1,0.19188564121335452,0.17309987567793383,0.05828244156789714,0.07578775849745574,0.06065373350095714,0.06065373350095714,0.13189335063319751,512-512-512,254,142.5672687840015
16,2,MAFN,100000,8,-5,1e-10,-1,0.2141392223350821,0.22443910762608163,0.08902939499881082,0.08775553249976115,0.05961393299595685,0.05961393299595685,0.5063996367427493,128-128-128,512,39.589763485999356
16,2,MAFN,100000,8,-5,1e-10,-1,0.2170749869586377,0.23541735077232467,0.08075659364477883,0.08158542651605052,0.05014839815211261,0.05014839815211261,0.10792384731869978,128-128-128,512,39.589763485999356
16,2,MAFN,100000,8,-5,1e-10,-1,0.2070426022680836,0.21142892180139392,0.09176040556305833,0.09179374809158232,0.05943857916638256,0.05943857916638256,0.12925961117970997,512-512-512,512,185.37461548200008
16,2,MAFN,100000,8,-5,1e-10,-1,0.21135765357094446,0.20946431024812834,0.07306437596341617,0.08375431444152437,0.05155609888195991,0.05155609888195991,0.12359839410064948,512-512-512,512,185.37461548200008
16,2,MAFN,100000,8,-5,1e-10,-1,0.2230402026894559,0.21977188478287002,0.10820910336598956,0.09783659454414738,0.05782700414743275,0.05782700414743275,0.12383316620173129,128-128-128,254,96.13855442299973
16,2,MAFN,100000,8,-5,1e-10,-1,0.22245080218709756,0.2162073436402436,0.09864022464676259,0.0943165941333816,0.055084507028758514,0.055084507028758514,0.12791721461766564,128-128-128,254,96.13855442299973
16,2,MAFN,100000,8,-5,1e-10,-1,0.2092343341775328,0.1856140226816944,0.10163044655868955,0.09357497364004481,0.05833372158279643,0.05833372158279643,0.12080155254787155,512-512-512,254,250.0133444919993
16,2,MAFN,100000,8,-5,1e-10,-1,0.2118132116599493,0.19136647171990878,0.08232163139300316,0.08919711749083394,0.05023673336643728,0.05023673336643728,0.1173772167883254,512-512-512,254,250.0133444919993
16,2,MAFN,200000,8,-5,1e-10,-1,0.254700908173665,0.2572901000649265,0.10947007117154636,0.10871343121492533,0.04571519644051791,0.04571519644051791,0.4237759434687776,128-128-128,512,152.69643389999874
16,2,MAFN,200000,8,-5,1e-10,-1,0.2551785663028154,0.26078572760735136,0.07980141554568675,0.10042239683723267,0.03930767338961362,0.03930767338961362,0.1245029826711905,128-128-128,512,152.69643389999874
16,2,MAFN,200000,8,-5,1e-10,-1,0.27312786741341377,0.3119887174300379,0.13741551696599907,0.12566966437304156,0.050996611640825834,0.050996611640825834,0.10392107569682453,512-512-512,512,750.895507489
16,2,MAFN,200000,8,-5,1e-10,-1,0.2734114469165682,0.3099499521408329,0.11368647894395079,0.1166101767186452,0.03759829567611217,0.03759829567611217,,512-512-512,512,750.895507489
16,2,MAFN,200000,8,-5,1e-10,-1,0.2427421254716466,0.24440944409772614,0.10381608099101834,0.10457698768209653,0.0598890905471296,0.0598890905471296,,128-128-128,254,187.90315124399967
16,2,MAFN,200000,8,-5,1e-10,-1,0.2381784506563237,0.2413056451271422,0.08823961856601437,0.09687271758091032,,,,128-128-128,254,187.90315124399967
16,2,MAFN,200000,8,-5,1e-10,-1,0.2293981228797677,0.22363910224430472,0.13357888544585714,0.10768521659837915,0.05479110178737917,0.05479110178737917,1.7690761544843294,512-512-512,254,910.3509675859987
16,2,MAFN,200000,8,-5,1e-10,-1,0.23024686767957014,0.21532958713347994,0.12303629158131446,0.10226890649021309,0.05114618171918427,0.05114618171918427,0.11030800167714465,512-512-512,254,910.3509675859987
16,5,MAFN,50000,8,-5,1e-05,-1,0.32668483178755275,0.39763965463638495,0.172580212093245,0.14001885819538248,,,0.12359388411887502,128-128-128,512,80.9956881170001
16,5,MAFN,50000,8,-5,1e-05,-1,0.3338630065498099,0.4177159345429896,0.16156565547063845,0.1385875566064515,0.0355339553207159,0.0355339553207159,0.11838845296418075,128-128-128,512,80.9956881170001
16,5,MAFN,50000,8,-5,1e-05,-1,0.3197485921833587,0.3606252337018603,0.16629255157855025,0.14378425481990242,0.055125683589879196,0.055125683589879196,0.11676062302641739,512-512-512,512,458.71742935400107
16,5,MAFN,50000,8,-5,1e-05,-1,0.31975223048158824,0.3644814666283877,0.16437538084689554,0.13567066893706517,0.04928624732792378,0.04928624732792378,0.12001190202574928,512-512-512,512,458.71742935400107
16,5,MAFN,50000,8,-5,1e-05,-1,0.35609279651519377,0.3976390888323629,0.18224695865582885,0.1604337719214683,0.035653036920151204,0.035653036920151204,0.11881466504465725,128-128-128,254,91.86408111599667
16,5,MAFN,50000,8,-5,1e-05,-1,0.3592883070601505,0.4136605734616393,0.17638552650427558,0.15333657629409633,0.03083802476662431,0.03083802476662431,0.11454820042614561,128-128-128,254,91.86408111599667
16,5,MAFN,50000,8,-5,1e-05,-1,0.3136768830483966,0.3608305563232829,0.16795779784586498,0.1385971980591461,0.05687290679515526,0.05687290679515526,0.13579816645141432,512-512-512,254,414.9387708409995
16,5,MAFN,50000,8,-5,1e-05,-1,0.3178579649190238,0.36386577339495985,0.1654190921991387,0.13463209271345739,0.047922948078483005,0.047922948078483005,0.13100158438156262,512-512-512,254,414.9387708409995
16,5,MAFN,100000,8,-5,1e-05,-1,0.32871598229012683,0.40686577978439914,0.17826161120071168,0.14243976262427666,0.050695683217348915,0.050695683217348915,0.09985731907924533,128-128-128,512,142.47070616700148
16,5,MAFN,100000,8,-5,1e-05,-1,0.3219183681937488,0.39100338922962996,0.1700876336439936,0.13745617171700442,0.04469586518913508,0.04469586518913508,0.10555188313373669,128-128-128,512,142.47070616700148
16,5,MAFN,100000,8,-5,1e-05,-1,0.3518593699985279,0.37294642355666285,0.17712534140139952,0.16342579783722613,0.036835696231462045,0.036835696231462045,0.10758484083845178,512-512-512,512,1025.342295530998
16,5,MAFN,100000,8,-5,1e-05,-1,0.34800232283915095,0.36814541464400236,0.16534302105432852,0.15738736598955141,0.034069796658754356,0.034069796658754356,0.10514782631192927,512-512-512,512,1025.342295530998
16,5,MAFN,100000,8,-5,1e-05,-1,0.3551640594085429,0.3550422353605816,0.1867157161454269,0.16770942897835903,0.02766002824611958,0.02766002824611958,0.09453043339162669,128-128-128,254,233.07287516299766
16,5,MAFN,100000,8,-5,1e-05,-1,0.35170984797648863,0.3778191996769865,0.17231403034361648,0.1610320932819892,0.025191282054968185,0.025191282054968185,0.0981036437452986,128-128-128,254,233.07287516299766
16,5,MAFN,100000,8,-5,1e-05,-1,0.39172920444617626,0.3920800629271386,0.18902002513739652,0.18222284587285215,0.03140701005302854,0.03140701005302854,0.08989460048156166,512-512-512,254,1151.9879562130009
16,5,MAFN,100000,8,-5,1e-05,-1,0.37870931452301176,0.3848845989641415,0.18156891309381573,0.18166515684455023,0.02941062047157704,0.02941062047157704,0.09133320445141742,512-512-512,254,1151.9879562130009
16,5,MAFN,200000,8,-5,1e-05,-1,0.37867346610253716,0.4136060971801322,0.18739489191589354,0.16339263245304939,0.029874737644650123,0.029874737644650123,0.08814935918771771,128-128-128,512,195.33487822700044
16,5,MAFN,200000,8,-5,1e-05,-1,0.3635282729782024,0.38597251159732954,0.18240091860154178,0.1614422316077901,0.02960886934648932,0.02960886934648932,0.09056106767213606,128-128-128,512,195.33487822700044
16,5,MAFN,200000,8,-5,1e-05,-1,0.3887742654268019,0.38080936275820165,0.18385460764038547,0.18113821764935947,0.03480875361751765,0.03480875361751765,0.10892677495982418,512-512-512,512,1510.2672013359988
16,5,MAFN,200000,8,-5,1e-05,-1,0.3846152066795583,0.38217888520175225,0.1821659297303299,0.17893799853130704,0.03596043544173241,0.03596043544173241,0.12127086786098339,512-512-512,512,1510.2672013359988
16,5,MAFN,200000,8,-5,1e-05,-1,0.3886367241440942,0.4040795675982378,0.180237916698962,0.1781761779590756,0.033987472588615494,0.033987472588615494,0.0986118415166378,128-128-128,254,334.2899644370009
16,5,MAFN,200000,8,-5,1e-05,-1,0.38058743008260953,0.42434461114176414,0.18893591755091127,0.17913725739455205,0.03252987813174725,0.03252987813174725,0.09592202909982796,128-128-128,254,334.2899644370009
16,5,MAFN,200000,8,-5,1e-05,-1,0.3737428343138669,0.3435100242157403,0.1732088479810443,0.17523513700802573,0.03725366017704829,0.03725366017704829,0.09521602955181663,512-512-512,254,2479.0456640449993
16,5,MAFN,200000,8,-5,1e-05,-1,0.3766469621853185,0.3718898437327589,0.17317938371316377,0.17395324748433325,0.038567273691594614,0.038567273691594614,0.09741666437280519,512-512-512,254,2479.0456640449993
16,2,MAFN,50000,8,-5,1e-05,-1,0.21385141989899337,0.20613948066661797,0.0976436818776652,0.0914397896893794,0.05824502751698717,0.05824502751698717,0.15003296928551293,128-128-128,512,29.029246781999973
16,2,MAFN,50000,8,-5,1e-05,-1,0.2084285735898953,0.20116548461938838,0.07835137970362092,0.08025553155101801,0.052511278938353056,0.052511278938353056,0.1553680153341336,128-128-128,512,29.029246781999973
16,2,MAFN,50000,8,-5,1e-05,-1,0.2147967246744107,0.2448310567005732,0.07914773593731052,0.08884974596615923,0.06665316255065148,0.06665316255065148,0.1511918435977304,512-512-512,512,196.00787273600145
16,2,MAFN,50000,8,-5,1e-05,-1,0.20887500060694125,0.23272916870221153,0.07441997455158399,0.08326170849574561,0.056566262253820915,0.056566262253820915,0.16327007128827048,512-512-512,512,196.00787273600145
16,2,MAFN,50000,8,-5,1e-05,-1,0.22431439710922363,0.2791100358309026,0.10763567101036822,0.09740332852875529,0.047641480102092,0.047641480102092,0.14618289126606554,128-128-128,254,32.93249619300332
16,2,MAFN,50000,8,-5,1e-05,-1,0.22239920483057007,0.25567267708819175,0.09004877980779932,0.08749061882620982,0.042276307374537,0.042276307374537,0.14198716839347733,128-128-128,254,32.93249619300332
16,2,MAFN,50000,8,-5,1e-05,-1,0.21259378184559186,0.28582246139327905,0.10132844132121108,0.08739363166575931,0.06330439630741573,0.06330439630741573,0.12004219331036094,512-512-512,254,134.38489640999978
16,2,MAFN,50000,8,-5,1e-05,-1,0.21019888090933925,0.23674643112539406,0.08976137458980897,0.07967681555680946,0.055034388442225766,0.055034388442225766,0.11848232850440878,512-512-512,254,134.38489640999978
16,2,MAFN,100000,8,-5,1e-05,-1,0.2780087093539175,0.27830710691300997,0.12626427614168403,0.11486158249386638,0.04890211300916969,0.04890211300916969,0.09836294666521142,128-128-128,512,72.38663909499883
16,2,MAFN,100000,8,-5,1e-05,-1,0.2672034742783479,0.2841324319384641,0.09642970513534944,0.10530286782187129,0.04216322682488708,0.04216322682488708,0.09753914040689309,128-128-128,512,72.38663909499883
16,2,MAFN,100000,8,-5,1e-05,-1,0.20505432716694286,0.21251707750814094,0.1015628514759296,0.08902825435836154,0.07792207494745032,0.07792207494745032,,512-512-512,512,388.1459271929998
16,2,MAFN,100000,8,-5,1e-05,-1,0.2137784347115305,0.22265748953921513,0.08514807385230203,0.08196745180636408,0.04830843815464528,0.04830843815464528,0.11529305491716631,512-512-512,512,388.1459271929998
16,2,MAFN,100000,8,-5,1e-05,-1,0.21175351712618595,0.23235211353248753,0.10429573019399754,0.09405622537157149,0.06037095339395804,0.06037095339395804,0.0850452283782486,128-128-128,254,48.098172127
16,2,MAFN,100000,8,-5,1e-05,-1,0.21322432249513007,0.23457325379266825,0.07743682124187076,0.0838025986778967,0.05167912316712771,0.05167912316712771,0.0796609149098403,128-128-128,254,48.098172127
16,2,MAFN,100000,8,-5,1e-05,-1,0.17453532153654022,0.1279225689234391,0.04524168702290297,0.07577083638859924,0.10752229798503196,0.10752229798503196,1.735485430604183,512-512-512,254,302.91840213999967
16,2,MAFN,100000,8,-5,1e-05,-1,0.17698607126133314,0.10961882475994675,0.0456238130086288,0.06724357981026122,0.05828212108123337,0.05828212108123337,0.09641993278471545,512-512-512,254,302.91840213999967
16,2,MAFN,200000,8,-5,1e-05,-1,0.23285062640680979,0.24545165071686242,0.10073019401979422,0.10215678336045844,0.06131612920236162,0.06131612920236162,0.07459708379859072,128-128-128,512,85.17070978099946
16,2,MAFN,200000,8,-5,1e-05,-1,0.22947798568012376,0.23839767645839133,0.07831153010827276,0.09483285535756654,0.05126944974571466,0.05126944974571466,0.07626745109432623,128-128-128,512,85.17070978099946
16,2,MAFN,200000,8,-5,1e-05,-1,0.26321660950476244,0.28297799722412653,0.11269531929010079,0.10873087806215262,0.04269634338657147,0.04269634338657147,0.0867155223284492,512-512-512,512,869.2213160870015
16,2,MAFN,200000,8,-5,1e-05,-1,0.25727629811694525,0.2744919566915351,0.0975137996058788,0.10493795005461429,0.04201212746214833,0.04201212746214833,0.08215645209876411,512-512-512,512,869.2213160870015
16,2,MAFN,200000,8,-5,1e-05,-1,0.2149170621769376,0.23957199660723533,0.10345749787415687,0.09207467609735548,0.05810814947668449,0.05810814947668449,0.11812675227013607,128-128-128,254,158.11393758600025
16,2,MAFN,200000,8,-5,1e-05,-1,0.21036813162854456,0.2237679464838423,0.0805648248786063,0.0879929977410883,0.04777622558552061,0.04777622558552061,0.08665355311021672,128-128-128,254,158.11393758600025
16,2,MAFN,200000,8,-5,1e-05,-1,0.20256616551421205,0.14804206651419669,0.058830985621236204,0.08387919317684034,,,,512-512-512,254,514.1033596699999
16,2,MAFN,200000,8,-5,1e-05,-1,0.20419452191073542,0.13855849248312785,0.04703490473659021,0.0733360058539881,,,,512-512-512,254,514.1033596699999
