run_n,run_seed,ndims,nsamples,correlation,nbijectors,bijector,activation,spline_knots,range_min,eps_regulariser,regulariser,kl_divergence,ks_test_mean,ks_test_median,ad_test_mean,ad_test_median,Wasserstein_median,Wasserstein_mean,frob_norm,hidden_layers,batch_size,epochs_input,epochs_output,time
8,0,4,100000,corr,10,CsplineN,relu,8,-16,0,,-1,0.49912362107185415,0.5012326090555421,0.21485770388505857,0.21753988587866338,0.018520803282889377,0.018520803282889377,0.04402974934862942,256-256-256,512,1000,381,17067.17160125682
9,0,4,100000,corr,10,CsplineN,relu,8,-16,0,,-1,0.4544232825597794,0.45961403275168133,0.21193818874249315,0.2087854795186267,0.024087136192034328,0.024087136192034328,0.03620824731196236,512-512-512,512,1000,322,15777.569637890905
10,0,4,100000,corr,10,CsplineN,relu,12,-16,0,,-1,0.31662052256910955,0.3223710124453448,0.19523281331254305,0.18173980109786103,0.04392212709159264,0.04392212709159264,0.043879377907081074,128-128-128,512,1000,165,9534.498926753644
11,0,4,100000,corr,10,CsplineN,relu,12,-16,0,,-1,0.42551510108646506,0.4335737018132904,0.21072268795882493,0.20958505828357815,0.02599786602619044,0.02599786602619044,0.02924125717934904,256-256-256,512,1000,351,20223.42551027285
12,0,4,100000,corr,10,CsplineN,relu,12,-16,0,,-1,0.5014529805152168,0.4997096710981086,0.21929737517722692,0.21891366371603116,0.01868192284325919,0.01868192284325919,0.03179276827034539,512-512-512,512,1000,275,14104.81446493417
13,0,8,100000,corr,5,CsplineN,relu,8,-16,0,,-1,0.27472980216004117,0.2798699387612198,0.18108291614425126,0.1686589356140117,0.07834680107910677,0.07834680107910677,0.08848098334609322,128-128-128,512,1000,283,6000.415814070031
14,0,8,100000,corr,5,CsplineN,relu,8,-16,0,,-1,0.25804587936628653,0.25299036376996115,0.14271350267783506,0.1372578848686123,0.07036612900392941,0.07036612900392941,0.12949495014873044,256-256-256,512,1000,205,4555.4539638208225
15,0,8,100000,corr,5,CsplineN,relu,8,-16,0,,-1,0.2187567790119082,0.2133987041987829,0.14326161885909877,0.13598793927464542,0.06190994745551292,0.06190994745551292,0.15258899906888607,512-512-512,512,1000,170,3733.022981497925
16,0,8,100000,corr,5,CsplineN,relu,12,-16,0,,-1,0.32018143928150333,0.3593106349318163,0.1805678767434712,0.168391767101827,0.0484092705588918,0.0484092705588918,0.07262559038572869,128-128-128,512,1000,232,5676.412482070271
17,0,8,100000,corr,5,CsplineN,relu,12,-16,0,,-1,0.3016250197409045,0.32029009110091755,0.17267525159837216,0.17277466861483426,0.06385650603577912,0.06385650603577912,0.09263487353687112,256-256-256,512,1000,169,4285.927391627803
18,0,8,100000,corr,5,CsplineN,relu,12,-16,0,,-1,0.24738318891522235,0.23465277114225902,0.134121947918844,0.14900152989738966,0.07477779936007614,0.07477779936007614,0.08232204690696944,512-512-512,512,1000,145,3714.4727564249188
19,0,8,100000,corr,10,CsplineN,relu,8,-16,0,,-1,0.3099605584663201,0.312566424189504,0.18745289897876677,0.17065994729488101,0.05747428385225695,0.05747428385225695,0.11611174973927557,128-128-128,512,1000,164,7171.98360968614
20,0,8,100000,corr,10,CsplineN,relu,8,-16,0,,-1,0.3515342948243953,0.37931428423514224,0.18822914508291694,0.18488879970142208,0.04681928562244951,0.04681928562244951,0.12030410528794745,256-256-256,512,1000,159,7111.539134300314
21,0,8,100000,corr,10,CsplineN,relu,8,-16,0,,-1,0.29076078983519027,0.30829811961396125,0.1652616896834865,0.16146080903186122,0.04419937407720786,0.04419937407720786,0.08246159512856291,512-512-512,512,1000,143,6537.951397343073
22,0,8,100000,corr,10,CsplineN,relu,12,-16,0,,-1,0.2810052186120365,0.26870127119231724,0.18483449507531077,0.16427808785894818,0.056250967791553516,0.056250967791553516,0.09575013496530738,128-128-128,512,1000,144,7330.175569571089
23,0,8,100000,corr,10,CsplineN,relu,12,-16,0,,-1,0.3755962513202794,0.3860958242213599,0.19719081779851444,0.19205100417407112,0.044039494152734976,0.044039494152734976,0.08369864324760468,256-256-256,512,1000,129,6730.259446233977
24,0,8,100000,corr,10,CsplineN,relu,12,-16,0,,-1,0.41339192523074264,0.4419601219075457,0.20598531777370394,0.20298482464148704,0.0324199072017049,0.0324199072017049,0.06936734175596569,512-512-512,512,1000,138,7204.03615463106
25,0,16,100000,corr,5,CsplineN,relu,8,-16,0,,-1,0.21010053663745995,0.2523067428032998,0.15830951027519247,0.1353187436015106,0.05585671443773675,0.05585671443773675,0.14560834115484841,128-128-128,512,1000,208,4383.492176370695
26,0,16,100000,corr,5,CsplineN,relu,8,-16,0,,-1,0.14925783745390794,0.14408572193775085,0.09804838594243029,0.10561360283670057,0.11232679421620312,0.11232679421620312,0.1518333521059609,256-256-256,512,1000,145,3135.462778200861
27,0,16,100000,corr,5,CsplineN,relu,8,-16,0,,-1,0.12743394699302613,0.11149824929868221,0.07516247471294854,0.09913581805535704,0.08205324930595151,0.08205324930595151,0.16139092755446832,512-512-512,512,1000,126,2809.994081825018
28,0,16,100000,corr,5,CsplineN,relu,12,-16,0,,-1,0.19019076025125353,0.19326968385291327,0.13192838407201943,0.12118691350271471,0.09228824052376426,0.09228824052376426,0.16432974539856177,128-128-128,512,1000,146,3620.560276319273
29,0,16,100000,corr,5,CsplineN,relu,12,-16,0,,-1,0.16472214989085174,0.13754487147699299,0.1356542090821773,0.11180425224857918,0.07076389308943346,0.07076389308943346,0.18021393831191695,256-256-256,512,1000,112,2873.0594949382357
30,0,16,100000,corr,5,CsplineN,relu,12,-16,0,,-1,0.15464188009591934,0.11594094748046627,0.10839835967685797,0.10572937503080151,0.06450464095427488,0.06450464095427488,0.16299150109694488,512-512-512,512,1000,114,3036.3067122856155
31,0,16,100000,corr,10,CsplineN,relu,8,-16,0,,-1,0.20734148233118244,0.22005139100124976,0.12817706038827897,0.11573472209780208,0.06941789350482863,0.06941789350482863,0.19722927091020762,128-128-128,512,1000,212,9277.933170239441
32,0,16,100000,corr,10,CsplineN,relu,8,-16,0,,-1,0.16134496889820268,0.1673309675439958,0.10625302506514928,0.0998301291010804,0.0784243984253582,0.0784243984253582,0.1921016274671139,256-256-256,512,1000,114,5151.013142347336
33,0,16,100000,corr,10,CsplineN,relu,8,-16,0,,-1,0.19378852878734854,0.1758700527263457,0.1347366055031669,0.11683677940053853,0.07545706167018469,0.07545706167018469,0.18993826134247932,512-512-512,512,1000,104,4987.851920241956
34,0,16,100000,corr,10,CsplineN,relu,12,-16,0,,-1,0.16058868777176774,0.1284930692954149,0.08404022398726274,0.08920905972412871,0.08265531047736718,0.08265531047736718,0.15762527627581505,128-128-128,512,1000,148,7744.735342857894
35,0,16,100000,corr,10,CsplineN,relu,12,-16,0,,-1,0.24436126701457872,0.2704906765377242,0.1593801762714392,0.14161516204945265,0.06743439346613025,0.06743439346613025,0.1879670261634382,256-256-256,512,1000,92,4872.771164263133
36,0,16,100000,corr,10,CsplineN,relu,12,-16,0,,-1,0.18655661255948214,0.2046047059223116,0.11013543087047482,0.10742531233625471,0.09578432065121786,0.09578432065121786,0.20108327431604778,512-512-512,512,1000,97,5228.124506848864
37,0,32,100000,corr,5,CsplineN,relu,8,-16,0,,-1,0.24735050607079137,0.2706399172964219,0.17363221324461034,0.1459112160509868,0.07098646959135503,0.07098646959135503,0.2684921176395874,128-128-128,512,1000,341,7247.5465366658755
38,0,32,100000,corr,5,CsplineN,relu,8,-16,0,,-1,0.09245592296839146,0.055496689447397544,0.0495621672414239,0.07529407214240985,0.1363763199867647,0.1363763199867647,0.2935069395272348,256-256-256,512,1000,141,3206.036669761874
39,0,32,100000,corr,5,CsplineN,relu,8,-16,0,,-1,0.11933437633989238,0.0925710277432356,0.07856657280331739,0.08549931206059504,0.11693390866257995,0.11693390866257995,0.28737269548943006,512-512-512,512,1000,103,2326.560050692875
40,0,32,100000,corr,5,CsplineN,relu,12,-16,0,,-1,0.22944093591933906,0.23533718868798326,0.1491857914048358,0.12837986196755488,0.07632730732192328,0.07632730732192328,0.25621704510005305,128-128-128,512,1000,156,3881.5119488351047
41,0,32,100000,corr,5,CsplineN,relu,12,-16,0,,-1,0.18750968310701083,0.16953222290244924,0.111381352296021,0.10562125642695536,0.11096600123242066,0.11096600123242066,0.28453623206209044,256-256-256,512,1000,118,3148.854019233957
42,0,32,100000,corr,5,CsplineN,relu,12,-16,0,,-1,0.15132676202430675,0.10866861148895848,0.10997368063158837,0.10467923541348312,0.09415784259574514,0.09415784259574514,0.30741378831620564,512-512-512,512,1000,104,2776.100624355022
43,0,32,100000,corr,10,CsplineN,relu,8,-16,0,,-1,3.573859666201038e-68,0.0,0.0010000000000000002,0.0010000000000000002,4.7652752301891255,4.7652752301891255,0.9327540628276888,128-128-128,512,1000,1,117.10130336182192
44,0,32,100000,corr,10,CsplineN,relu,8,-16,0,,-1,1.3714383837801822e-115,0.0,0.0010000000000000002,0.0010000000000000002,4.756670674589419,4.756670674589419,0.982564103940501,256-256-256,512,1000,1,117.9365678881295
45,0,32,100000,corr,10,CsplineN,relu,8,-16,0,,-1,0.17964691729003943,0.17758410296873128,0.11809486472078728,0.10591956042323827,0.08721287706356809,0.08721287706356809,0.29339667949882786,512-512-512,512,1000,95,4443.632172305137
46,0,32,100000,corr,10,CsplineN,relu,12,-16,0,,-1,2.7444188730967964e-57,0.0,0.0010000000000000002,0.0010000000000000002,4.896096782103687,4.896096782103687,1.1796818059149123,128-128-128,512,1000,1,127.09824700513855
47,0,32,100000,corr,10,CsplineN,relu,12,-16,0,,-1,1.8667703416070378e-61,0.0,0.0010000000000000002,0.0010000000000000002,4.771997373541131,4.771997373541131,0.7655736987702129,256-256-256,512,1000,1,151.91676772385836
48,0,32,100000,corr,10,CsplineN,relu,12,-16,0,,-1,0.14324521928129372,0.11054545401910229,0.09615084898444046,0.09128266100368129,0.09202321582059282,0.09202321582059282,0.32882450598039525,512-512-512,512,1000,93,5038.6922554615885
49,0,64,100000,corr,5,CsplineN,relu,8,-16,0,,-1,8.608736446377863e-91,0.0,0.0010000000000000002,0.0010000000000000002,5.14573794262677,5.14573794262677,2.0783374143164113,128-128-128,512,1000,1,52.66078325500712
50,0,64,100000,corr,5,CsplineN,relu,8,-16,0,,-1,0.006310582014329893,4.94282535876302e-15,0.0010000000000000002,0.004228428353038233,0.7291235486572389,0.7291235486572389,3.7527400153888295,256-256-256,512,1000,30,714.8924924801104
51,0,64,100000,corr,5,CsplineN,relu,8,-16,0,,-1,0.10131815744866225,0.02604944139061382,0.03221490552717452,0.0711065948719891,0.1503421461866636,0.1503421461866636,0.5350149918807935,512-512-512,512,1000,102,2358.543764675036
52,0,64,100000,corr,5,CsplineN,relu,12,-16,0,,-1,0.22967443308561414,0.2079594253786577,0.16517213249683285,0.14006942650232249,0.07437033893509606,0.07437033893509606,0.4798603356857195,128-128-128,512,1000,515,13577.651805728674
53,0,64,100000,corr,5,CsplineN,relu,12,-16,0,,-1,0.06542448018095934,0.0096279739813961,0.00950369259707692,0.046285145585598396,0.22003059593547308,0.22003059593547308,0.5285075705000574,256-256-256,512,1000,309,8048.794687060639
54,0,64,100000,corr,5,CsplineN,relu,12,-16,0,,-1,0.13567049141002127,0.08268330798281798,0.06173173459693984,0.0845188987728924,0.12620661161987695,0.12620661161987695,0.5041590183194427,512-512-512,512,1000,96,2546.3329033302143
55,0,64,100000,corr,10,CsplineN,relu,8,-16,0,,-1,7.952173207914636e-164,0.0,0.0010000000000000002,0.0010000000000000002,5.323728794220443,5.323728794220443,0.6960031217246498,128-128-128,512,1000,1,108.83729262696579
56,0,64,100000,corr,10,CsplineN,relu,8,-16,0,,-1,1.7516870537101835e-97,0.0,0.0010000000000000002,0.0010000000000000002,5.36884726927127,5.36884726927127,1.5459588329631262,256-256-256,512,1000,1,117.91305200615898
57,0,64,100000,corr,10,CsplineN,relu,8,-16,0,,-1,2.317651253533239e-77,0.0,0.0010000000000000002,0.0010000000000000002,5.167012056679244,5.167012056679244,1.1569148897715567,512-512-512,512,1000,1,114.25526032503694
58,0,64,100000,corr,10,CsplineN,relu,12,-16,0,,-1,2.7841558426737712e-130,0.0,0.0010000000000000002,0.0010000000000000002,5.37229430281621,5.37229430281621,0.5808295218175882,128-128-128,512,1000,1,244.81791701493785
59,0,64,100000,corr,10,CsplineN,relu,12,-16,0,,-1,1.9015592211297603e-147,0.0,0.0010000000000000002,0.0010000000000000002,5.334349495594328,5.334349495594328,0.4993601828086864,256-256-256,512,1000,1,191.5455689560622
60,0,64,100000,corr,10,CsplineN,relu,12,-16,0,,-1,2.2994436322591166e-88,0.0,0.0010000000000000002,0.0010000000000000002,5.216195912614841,5.216195912614841,0.9529047652536099,512-512-512,512,1000,1,274.84796317573637
61,0,100,100000,corr,5,CsplineN,relu,8,-16,0,,-1,4.2317122847757407e-44,0.0,0.0010000000000000002,0.0010000000000000002,5.099179121211616,5.099179121211616,0.9271874217682822,128-128-128,512,1000,1,74.07486326387152
62,0,100,100000,corr,5,CsplineN,relu,8,-16,0,,-1,2.9397907387302485e-21,0.0,0.0010000000000000002,0.0010000000000000002,4.9893570315788,4.9893570315788,2.237592082391567,256-256-256,512,1000,1,72.98993836296722
63,0,100,100000,corr,5,CsplineN,relu,8,-16,0,,-1,7.847683273231689e-44,0.0,0.0010000000000000002,0.0010000000000000002,5.117474949380101,5.117474949380101,0.8726449023211724,512-512-512,512,1000,1,72.09520441712812
64,0,100,100000,corr,5,CsplineN,relu,12,-16,0,,-1,7.847683268897638e-44,0.0,0.0010000000000000002,0.0010000000000000002,5.06860153564004,5.06860153564004,0.7446794746897393,128-128-128,512,1000,1,76.9766743639484
65,0,100,100000,corr,5,CsplineN,relu,12,-16,0,,-1,1.014559945004194e-41,0.0,0.0010000000000000002,0.0010000000000000002,5.0373394362676525,5.0373394362676525,1.777850512795286,256-256-256,512,1000,1,78.2730310773477
66,0,100,100000,corr,5,CsplineN,relu,12,-16,0,,-1,4.939695694473822e-43,0.0,0.0010000000000000002,0.0010000000000000002,5.035295995171651,5.035295995171651,1.2322752248303657,512-512-512,512,1000,1,82.27130818367004
67,0,100,100000,corr,10,CsplineN,relu,8,-16,0,,-1,9.66346537596975e-59,0.0,0.0010000000000000002,0.0010000000000000002,5.0795396929853425,5.0795396929853425,0.7388358991937468,128-128-128,512,1000,1,157.22980728419498
68,0,100,100000,corr,10,CsplineN,relu,8,-16,0,,-1,1.214603498956024e-66,0.0,0.0010000000000000002,0.0010000000000000002,5.105045011643563,5.105045011643563,1.240632683691558,256-256-256,512,1000,1,149.42663488537073
69,0,100,100000,corr,10,CsplineN,relu,8,-16,0,,-1,0.03590606240178845,0.000658509213461131,0.004775184833052526,0.03504538540328057,0.23967756098558146,0.23967756098558146,0.7806309850658403,512-512-512,512,1000,152,7863.01518396195
70,0,100,100000,corr,10,CsplineN,relu,12,-16,0,,nan,nan,nan,nan,nan,nan,nan,nan,128-128-128,512,1000,nan,nan
71,0,100,100000,corr,10,CsplineN,relu,12,-16,0,,nan,nan,nan,nan,nan,nan,nan,nan,256-256-256,512,1000,nan,nan
72,0,100,100000,corr,10,CsplineN,relu,12,-16,0,,-1,0.049862636074463194,0.0075748973090068485,0.010920206513162629,0.04582154237268179,0.20672419157646124,0.20672419157646124,0.7520746699579404,512-512-512,512,1000,185,10441.220015342813
73,0,200,100000,corr,5,CsplineN,relu,8,-16,0,,-1,2.4532896173774585e-32,0.0,0.0010000000000000002,0.0010000000000000002,4.926299162236868,4.926299162236868,1.5296542459016336,128-128-128,512,1000,1,71.57112202886492
74,0,200,100000,corr,5,CsplineN,relu,8,-16,0,,-1,3.081943312364533e-37,0.0,0.0010000000000000002,0.0010000000000000002,4.921003944522037,4.921003944522037,1.5503978836547088,256-256-256,512,1000,1,69.09887375263497
75,0,200,100000,corr,5,CsplineN,relu,8,-16,0,,-1,4.688062697977032e-43,0.0,0.0010000000000000002,0.0010000000000000002,4.8007472395216215,4.8007472395216215,2.754281247619356,512-512-512,512,1000,1,72.12645552493632
76,0,200,100000,corr,5,CsplineN,relu,12,-16,0,,-1,1.0028377549496813e-37,0.0,0.0010000000000000002,0.0010000000000000002,4.918042184482271,4.918042184482271,1.5018551040422263,128-128-128,512,1000,1,74.11482621217147
77,0,200,100000,corr,5,CsplineN,relu,12,-16,0,,-1,1.8152960509016916e-40,0.0,0.0010000000000000002,0.0010000000000000002,4.9168177221572655,4.9168177221572655,1.5589393802084859,256-256-256,512,1000,1,77.68494815798476
78,0,200,100000,corr,5,CsplineN,relu,12,-16,0,,-1,2.846315136896649e-40,0.0,0.0010000000000000002,0.0010000000000000002,4.920820299521258,4.920820299521258,2.1167038354443277,512-512-512,512,1000,1,75.25921106291935
79,0,200,100000,corr,10,CsplineN,relu,8,-16,0,,-1,1.6078200304584482e-76,0.0,0.0010000000000000002,0.0010000000000000002,4.917136432484888,4.917136432484888,1.4924443198042967,128-128-128,512,1000,1,109.76044718315825
80,0,200,100000,corr,10,CsplineN,relu,8,-16,0,,-1,9.454608353836197e-76,0.0,0.0010000000000000002,0.0010000000000000002,4.928490784915015,4.928490784915015,1.492547965032452,256-256-256,512,1000,1,144.11683101020753
81,0,200,100000,corr,10,CsplineN,relu,8,-16,0,,-1,4.731235859120608e-70,0.0,0.0010000000000000002,0.0010000000000000002,4.854336251930885,4.854336251930885,2.743035400190677,512-512-512,512,1000,1,146.82621338497847
82,0,200,100000,corr,10,CsplineN,relu,12,-16,0,,-1,4.756624707606865e-62,0.0,0.0010000000000000002,0.0010000000000000002,4.911871421219065,4.911871421219065,1.4872049760668946,128-128-128,512,1000,1,162.10832076519728
83,0,200,100000,corr,10,CsplineN,relu,12,-16,0,,-1,2.0461636310934174e-61,0.0,0.0010000000000000002,0.0010000000000000002,4.910702217718109,4.910702217718109,1.4838964737491989,256-256-256,512,1000,1,162.1961404690519
84,0,200,100000,corr,10,CsplineN,relu,12,-16,0,,-1,3.27265489535628e-34,0.0,0.0010000000000000002,0.0010000000000000002,4.941085427810698,4.941085427810698,1.8261795493164257,512-512-512,512,1000,1,162.59947274578735
85,0,400,100000,corr,5,CsplineN,relu,8,-16,0,,-1,2.701932073379423e-32,0.0,0.0010000000000000002,0.0010000000000000002,5.045417975023702,5.045417975023702,2.991104036838814,128-128-128,512,1000,1,52.56734187761322
86,0,400,100000,corr,5,CsplineN,relu,8,-16,0,,-1,2.07307983873856e-29,0.0,0.0010000000000000002,0.0010000000000000002,5.049562292973523,5.049562292973523,2.9811743205638725,256-256-256,512,1000,1,70.9204257694073
87,0,400,100000,corr,5,CsplineN,relu,8,-16,0,,-1,1.5110896091644216e-28,0.0,0.0010000000000000002,0.0010000000000000002,5.097638128694242,5.097638128694242,3.1659695079469397,512-512-512,512,1000,1,68.39547724882141
88,0,400,100000,corr,5,CsplineN,relu,12,-16,0,,-1,2.007482703786828e-29,0.0,0.0010000000000000002,0.0010000000000000002,5.053230907655614,5.053230907655614,2.9939016766530795,128-128-128,512,1000,1,75.03112377179787
89,0,400,100000,corr,5,CsplineN,relu,12,-16,0,,-1,1.408890229706186e-29,0.0,0.0010000000000000002,0.0010000000000000002,5.043941024900173,5.043941024900173,2.977048118882558,256-256-256,512,1000,1,73.23841632110998
90,0,400,100000,corr,5,CsplineN,relu,12,-16,0,,-1,2.3863926867856514e-23,0.0,0.0010000000000000002,0.0010000000000000002,5.021038385568145,5.021038385568145,3.2410152670169348,512-512-512,512,1000,1,78.06553441286087
91,0,400,100000,corr,10,CsplineN,relu,8,-16,0,,nan,nan,nan,nan,nan,nan,nan,nan,128-128-128,512,1000,nan,nan
92,0,400,100000,corr,10,CsplineN,relu,8,-16,0,,nan,nan,nan,nan,nan,nan,nan,nan,128-128-128,512,1000,nan,nan
93,0,400,100000,corr,10,CsplineN,relu,8,-16,0,,nan,nan,nan,nan,nan,nan,nan,nan,128-128-128,512,1000,nan,nan
94,0,400,100000,corr,10,CsplineN,relu,12,-16,0,,nan,nan,nan,nan,nan,nan,nan,nan,128-128-128,512,1000,nan,nan
95,0,400,100000,corr,10,CsplineN,relu,12,-16,0,,nan,nan,nan,nan,nan,nan,nan,nan,256-256-256,512,1000,nan,nan
96,0,400,100000,corr,10,CsplineN,relu,12,-16,0,,nan,nan,nan,nan,nan,nan,nan,nan,512-512-512,512,1000,nan,nan
